#Abstract	Day	Talk	Poster
1	1	16	
2			
3			HitSeq
4			
5			A-129
6			HitSeq
7	1	21	
8	1	26	A-142
9			A-126
10			A-128
11			
12	1	19	
13			
14	2	8	
15	1	20	A-143
16			A-125
17			
18	1	13	
19			
20			
21			
22	1	25	
23	2	16	A-144
24			A-127
25			
26	1	10	A-145
27	1	11	A-124
28	2	4	
29			NetBio
30	1	23	A-120
31	2	1	
32	1	9	
33	1	15	
34			
35	2	20	A-146
36	2	3	
37	1	27	
38	1	6	A-147
39			A-140
40	1	30	
41	2	21	A-148
42	1	14	A-149
43	1	29	A-150
44			
45			A-121
46	1	3	
47			
48			
49	2	7	
50	1	2	
51	1	7	
52	1	22	
53			
54	1	8	
55	2	19	
56	2	11	A-122
57			A-123
58			
59	1	18	A-151
60	1	24	
61	1	28	A-152
62	1	12	A-153
63	2	18	A-154
64	2	17	
65	2	5	
66	1	17	A-155
67			
68	2	2	
69			A-160
70			
71			
72	1	4	
73	1	5	
74	2	6	
75	2	11	
76	2	10	A-156
77			A-109
78			A-113
79			
80			A-115
81			A-111
82			A-107
83			A-118
84			A-158
85			A-114
86			A-119
87			A-116
88			A-110
89			A-108
90			A-138
91	2	12	A-157
92			A-139
93			A-130
94			A-136
95	2	15	
96			A-137
97			
98	2	9	A-159
99			A-134
100			
101	1	1	
102	2	14	
103			A-161
104			A-141
105			A-135
106			A-112
107			A-117
108			A-131
109			A-132
110			A-133
